5606400 17774756 24406765
4356391 17491442 22121426
4693374 17567897 26133326
8017181 23317354 39257739
4329297 21612382 25572855
5717083 22409195 27742192
4722127 21171019 28077087
4398758 19845223 34267813
4494256 20493713 27718681
4553082 18145922 22291108
5005967 19899705 33240249
4455148 22216330 24757840
4172022 17828759 31406149
4687823 21529781 26450650
4663911 21506342 24097667
4566358 20969375 20942171
6303270 21528310 28016355
4442401 23723940 25831156
4473938 20545408 26074293
4702933 18736692 25704179
4300796 26359977 22599117
4569851 22010297 24530251
4777047 19649467 21633410
4859205 18502033 23283664
4552571 19145671 29504063
