5087116 20741671 22047242
12349551 15576504 22522542
6252370 18122379 25128126
10088368 13934853 27091300
5765835 19774454 21192244
5402291 23803653 29711754
10260033 19294091 35147360
5488166 14905757 22398697
5212889 23037287 20810046
5134393 18126341 29242563
5057226 20021555 19367612
5307425 24210756 25348134
5105947 18211123 22743169
5258909 14209653 19564447
5367754 13681548 25234741
5080193 18958736 25519173
5067316 15483946 21601525
5588502 16274383 23472669
8691737 15255981 26359753
6454861 16112679 36150074
5198060 18269203 21025828
5114188 18964844 19139815
8393604 16470686 21106390
5050739 22953674 24874192
5217768 21305477 21495468
