6386080 18512442 19782199
5746575 24219662 23310879
5544162 17177667 25585605
5289813 18059516 24847164
5474256 19162812 25692095
9427374 30220896 30935543
5441143 23364631 24299834
5384904 18318976 20683912
7745640 20434156 34675569
6145051 16333618 24939596
7463377 18719924 27682045
5401920 18148142 23579417
5192759 16550404 19273488
6560143 25996267 26130736
6713915 20600922 25151761
5356688 17405958 27769985
5614033 16095263 20313656
5586838 17218723 22499394
7217217 18421680 22819418
5582075 29220929 39264771
6986115 22836273 27085627
5501272 16653443 26751935
5421676 15514278 20389169
7652052 19447872 28607009
5669052 18141787 22260787
