3096470 21499983 26474256
2388560 13969697 19395064
2435843 15685494 24262904
2464167 15957353 27744207
2151129 16200957 17941692
1987047 13970845 17426117
2616871 16465952 21974685
2015773 14114808 18288896
2358311 15253920 23903672
2517741 16220147 25575900
2586861 18280114 23871699
2414131 16263152 17185201
2635998 16316496 23073659
1848600 18567500 19394892
2094133 16664347 18136793
2478233 20720837 22735844
2347069 18615436 24214386
2681157 19702465 24370053
2678858 17732655 23082397
1960487 14046389 19177669
2458025 15760620 23387926
2387186 15724680 25884773
2712349 17230175 22037981
2679190 19165372 22564817
2819380 17398521 22533768
