3061646 20086137 21942209
2788369 15618380 21842587
3117927 23595683 24822614
2810803 19937621 18489372
2675399 16891502 22037460
3032979 16281645 20426683
2862914 18191062 18481187
3246244 17823160 26717347
2707130 18199214 17897945
2766518 18291591 17699532
2529033 15206063 17793922
2580935 16893065 24294771
1987692 13752997 19453898
3266520 15671175 18108163
2698279 14474992 24930959
2029125 13437850 20565447
2663430 19594803 19349064
3288318 17351122 23721485
2039598 13605016 20375270
2744485 16532330 19863006
3019014 19419905 19982304
2056405 15829071 16495292
3336183 20187366 16678286
2895870 21804887 19545510
1946017 14897635 19056274
