6373804 22070942 34722213
6438473 16841277 29313422
6475860 17734209 29976867
6431823 21802451 38446743
7418434 21824797 33554564
2656747 21142412 32363821
6741013 27267772 24125531
12423628 16801657 28092291
7204423 29404706 31876513
6445640 20515078 26102844
6327132 18549101 37904046
6334972 18912922 32869612
6244042 23143982 34880091
6667496 17773654 25811280
6629696 22275718 23973368
6457368 24255488 31240765
6224024 32350009 32121926
7563039 31532798 26970426
6531124 20799976 33708591
9413778 26984867 26725086
6333828 20019653 38920863
6307472 23650226 28017576
7849711 20055482 24718408
6479208 23929218 36005078
7225440 18033985 39646172
