4092825 32338440 47013432
4152773 29649460 47221215
4596219 35712317 46931336
4014688 27866130 45466283
4042501 33121375 53816268
4655126 26924170 46154289
4190874 45696239 54421094
4122454 31487013 44887700
4665963 33551347 45592778
4237222 37374022 49308983
6392150 28860630 48591547
3990138 33069863 42501752
5465088 36246215 47187342
4244470 30300908 56090176
4240732 31654881 44288579
4327741 34618894 55273282
4014421 35540827 47063658
4034995 34349892 43746588
4644801 31269434 60574247
3972854 28808674 48897574
4022839 30732692 52632991
4522968 28149746 49520387
6786445 29814079 53740738
4015680 33490496 40403538
4102751 33428800 57146162
