1820039 13346676 20069107
2757530 16691221 28637561
2479253 13850413 21356974
2344014 15576225 24512926
4457462 20442821 24849851
2575866 17732075 28447155
2502761 17493696 30115594
2591661 18900180 28091746
1899025 19422453 22977610
2223187 14501928 19785090
1996984 18050443 28000814
2821488 16780053 29086387
2108586 14934458 22368815
2692010 17744304 27196304
4523635 19067987 32093531
2212178 15281477 23951727
1884153 13807567 26746479
4358060 14014846 20483840
2149159 14297456 24369404
2663609 17005668 27244750
2630190 14301728 26318689
2287795 14132762 23162750
3104487 15185944 23561544
2369471 13533403 20569333
2521788 13550862 24625076
