7394248 75728175 36136711
6142842 51492815 29198206
5994543 51772819 31677421
6228300 53248515 29697557
6154204 52952423 30933904
7490425 50670106 28766218
39806193 357905155 81755170
40635808 384099674 80409975
39977579 357266904 84990009
39535535 348571684 78894337
46562888 372502185 76827972
39016463 382578882 79685969
37796312 352993845 80930687
39334722 355126329 83265601
47481936 365516319 98229713
38076689 350943722 85178246
39995269 369471380 82189926
41469759 373337457 79180297
38401853 363259199 73429218
39364860 371285903 77655490
38659319 368698071 91649148
38127972 347971321 77721397
40303929 372915855 89804299
38489960 359659892 86332739
41087891 361592783 99487942
45074979 362802360 83567641
49914187 358325488 75363968
39544706 370729386 77840007
38370710 351871937 81645682
38438559 352144053 78386496
38291841 354522503 83056295
