3599057 18231599 36663033
8881793 33190375 22457623
7132749 19577841 27927293
3962347 15674285 25010844
7180337 23020622 30218550
3258027 16990182 27656828
2836593 18448923 24011153
2602880 14889907 18623444
2389655 19828731 18600661
9040256 23518353 26738752
2526052 18933088 25735300
7468618 17002207 29264032
3337202 18480648 33005776
8095330 19191253 19360392
9863139 19802541 24803088
6884011 18383020 27277024
5433380 19988053 22812026
7351185 17767792 28194358
2758465 19370563 37625569
2780764 24518494 23919863
3135386 22014718 21012470
7336613 19960952 20333738
7953311 17030959 30685820
10984012 18756620 22965281
7170631 22575908 32787724
