erdos_10_0.1 5680512 127792391 28016182
erdos_100_0.1 3828642 22087595 37639622
erdos_1000_0.1 44909238 98874537 269988924
erdos_1000_0.2 336249729 172802593 340817423
erdos_1000_0.3 56756054 175736046 379611169
watts_10_0.1_3 2922466 81377403 22814761
watts_100_0.3_4 2121733 21927774 31440616
watts_100_0.6_7 1875175 13437174 20908555
watts_1000_0.7_7 16696999 218449157 367393934
watts_1000_0.3_10 19501931 15271352 376213797
watts_1000_0.1_15 12302673 15791868 376338245
watts_1000_0.2_20 13289101 16156759 391523675
real_gnutella_graph.txt 168943066 600382722721 19596040860
real_facebook_combined.txt 58067202 54261689040 6784715983
real_gnutella_graph.txt 178720889 600382653880 19079955480
real_facebook_combined.txt 53077453 70588554299 6187674597
