315590 13571173 11394114
322081 17836535 20444261
375211 11496994 12142479
410003 16234494 14291774
311706 13944639 19313244
295805 8819784 17098393
373823 21029857 18133219
392364 10664311 12415269
260223 10916265 12640160
288725 10928068 15431525
303063 11530663 13249655
289268 8876942 10576204
356975 17523803 24951741
396873 12572864 18044619
255796 8142475 8501834
369521 21488775 15742284
318291 11338021 11196924
392550 9779076 11812632
431649 21100396 12151744
329469 7717740 9772524
232642 7577849 8462447
