1167531 12667797 15443940
1323499 10385453 12831809
1200937 11018486 12735108
1272080 10950740 12504260
1233885 11365674 14854612
1280755 14558190 12501356
1149802 10518372 12952246
1310468 11132590 13143800
1166784 12529741 13675585
1215746 13399126 18548896
1234290 10233048 14739240
1119038 14387184 19765305
1217600 11931857 12535767
1073258 9757275 12025784
1147934 10516132 12802383
1127124 10000998 12544480
1117760 14912312 13140939
1132256 9605668 14625892
1185454 11055229 14210926
1171280 10625935 13949288
1082436 12471778 15778349
1203551 11397126 16568070
1150411 9872544 14305492
1167890 13055546 12681890
